gamma
   21.0781   13.5857
   13.5857   22.2373
Overlap
   1.0000e+00   4.6749e-01  -3.8953e-01            0            0
   4.6749e-01   1.0000e+00  -2.2754e-17            0            0
  -3.8953e-01  -2.2754e-17   1.0000e+00            0            0
            0            0            0   1.0000e+00            0
            0            0            0            0   1.0000e+00
 p =  4 q =  3
H_core
  -9.9230e+01  -2.1037e+00   1.7529e+00            0            0
  -2.1037e+00  -1.3589e+02            0            0            0
   1.7529e+00            0  -1.3589e+02            0            0
            0            0            0  -1.3589e+02            0
            0            0            0            0  -1.3589e+02
Iteration: 0
Fa
  -9.9230e+01  -2.1037e+00   1.7529e+00            0            0
  -2.1037e+00  -1.3589e+02            0            0            0
   1.7529e+00            0  -1.3589e+02            0            0
            0            0            0  -1.3589e+02            0
            0            0            0            0  -1.3589e+02
Fb
  -9.9230e+01  -2.1037e+00   1.7529e+00            0            0
  -2.1037e+00  -1.3589e+02            0            0            0
   1.7529e+00            0  -1.3589e+02            0            0
            0            0            0  -1.3589e+02            0
            0            0            0            0  -1.3589e+02
after solving eigen equation: 0
Ca
  -7.4075e-02  -5.9952e-15            0            0  -9.9725e-01
  -7.6614e-01   6.4014e-01            0            0   5.6908e-02
   6.3839e-01   7.6825e-01            0            0  -4.7419e-02
            0            0   1.0000e+00            0            0
            0            0            0   1.0000e+00            0
Cb
  -7.4075e-02  -5.9952e-15            0            0  -9.9725e-01
  -7.6614e-01   6.4014e-01            0            0   5.6908e-02
   6.3839e-01   7.6825e-01            0            0  -4.7419e-02
            0            0   1.0000e+00            0            0
            0            0            0   1.0000e+00            0
 p =  4 q =  3
Pa_new
   0.0055   0.0568  -0.0473        0        0
   0.0568   0.9968   0.0027        0        0
  -0.0473   0.0027   0.9978        0        0
        0        0        0   1.0000        0
        0        0        0        0   1.0000
Pb_new
   0.0055   0.0568  -0.0473        0        0
   0.0568   0.9968   0.0027        0        0
  -0.0473   0.0027   0.9978        0        0
        0        0        0   1.0000        0
        0        0        0        0        0
P_t
   0.0110
   6.9890
Ga
   9.5067e+01  -7.7102e-01   6.4245e-01            0            0
  -7.7102e-01   1.3340e+02  -6.0008e-02            0            0
   6.4245e-01  -6.0008e-02   1.3338e+02            0            0
            0            0            0   1.3333e+02            0
            0            0            0            0   1.3333e+02
Gb
   9.5067e+01  -7.7102e-01   6.4245e-01            0            0
  -7.7102e-01   1.3340e+02  -6.0008e-02            0            0
   6.4245e-01  -6.0008e-02   1.3338e+02            0            0
            0            0            0   1.3333e+02            0
            0            0            0            0   1.5557e+02
Iteration: 1
Fa
  -4.1627  -2.8747   2.3953        0        0
  -2.8747  -2.4900  -0.0600        0        0
   2.3953  -0.0600  -2.5120        0        0
        0        0        0  -2.5620        0
        0        0        0        0  -2.5620
Fb
   -4.1627   -2.8747    2.3953         0         0
   -2.8747   -2.4900   -0.0600         0         0
    2.3953   -0.0600   -2.5120         0         0
         0         0         0   -2.5620         0
         0         0         0         0   19.6753
after solving eigen equation: 1
Ca
  -7.8241e-01  -2.5535e-15            0            0  -6.2276e-01
  -4.7844e-01  -6.4014e-01            0            0   6.0109e-01
   3.9866e-01  -7.6825e-01            0            0  -5.0085e-01
            0            0   1.0000e+00            0            0
            0            0            0   1.0000e+00            0
Cb
  -7.8241e-01  -2.5535e-15            0  -6.2276e-01            0
  -4.7844e-01  -6.4014e-01            0   6.0109e-01            0
   3.9866e-01  -7.6825e-01            0  -5.0085e-01            0
            0            0   1.0000e+00            0            0
            0            0            0            0   1.0000e+00
 p =  4 q =  3
Pa_new
   0.6122   0.3743  -0.3119        0        0
   0.3743   0.6387   0.3011        0        0
  -0.3119   0.3011   0.7491        0        0
        0        0        0   1.0000        0
        0        0        0        0   1.0000
Pb_new
   0.6122   0.3743  -0.3119        0        0
   0.3743   0.6387   0.3011        0        0
  -0.3119   0.3011   0.7491        0        0
        0        0        0   1.0000        0
        0        0        0        0        0
P_t
   1.2243
   5.7757
Ga
   9.1370e+01  -5.0857e+00   4.2376e+00            0            0
  -5.0857e+00   1.3087e+02  -6.6947e+00            0            0
   4.2376e+00  -6.6947e+00   1.2841e+02            0            0
            0            0            0   1.2283e+02            0
            0            0            0            0   1.2283e+02
Gb
   9.1370e+01  -5.0857e+00   4.2376e+00            0            0
  -5.0857e+00   1.3087e+02  -6.6947e+00            0            0
   4.2376e+00  -6.6947e+00   1.2841e+02            0            0
            0            0            0   1.2283e+02            0
            0            0            0            0   1.4507e+02
Iteration: 2
Fa
   -7.8595   -7.1894    5.9905         0         0
   -7.1894   -5.0249   -6.6947         0         0
    5.9905   -6.6947   -7.4811         0         0
         0         0         0  -13.0595         0
         0         0         0         0  -13.0595
Fb
   -7.8595   -7.1894    5.9905         0         0
   -7.1894   -5.0249   -6.6947         0         0
    5.9905   -6.6947   -7.4811         0         0
         0         0         0  -13.0595         0
         0         0         0         0    9.1779
after solving eigen equation: 2
Ca
  -8.3964e-01   1.1491e-14            0            0  -5.4315e-01
  -4.1727e-01   6.4014e-01            0            0   6.4506e-01
   3.4769e-01   7.6825e-01            0            0  -5.3749e-01
            0            0   1.0000e+00            0            0
            0            0            0   1.0000e+00            0
Cb
  -8.3964e-01   1.1491e-14            0  -5.4315e-01            0
  -4.1727e-01   6.4014e-01            0   6.4506e-01            0
   3.4769e-01   7.6825e-01            0  -5.3749e-01            0
            0            0   1.0000e+00            0            0
            0            0            0            0   1.0000e+00
 p =  4 q =  3
Pa_new
   0.7050   0.3504  -0.2919        0        0
   0.3504   0.5839   0.3467        0        0
  -0.2919   0.3467   0.7111        0        0
        0        0        0   1.0000        0
        0        0        0        0   1.0000
Pb_new
   0.7050   0.3504  -0.2919        0        0
   0.3504   0.5839   0.3467        0        0
  -0.2919   0.3467   0.7111        0        0
        0        0        0   1.0000        0
        0        0        0        0        0
P_t
   1.4100
   5.5900
Ga
   9.0804e+01  -4.7599e+00   3.9662e+00            0            0
  -4.7599e+00   1.3048e+02  -7.7099e+00            0            0
   3.9662e+00  -7.7099e+00   1.2765e+02            0            0
            0            0            0   1.2123e+02            0
            0            0            0            0   1.2123e+02
Gb
   9.0804e+01  -4.7599e+00   3.9662e+00            0            0
  -4.7599e+00   1.3048e+02  -7.7099e+00            0            0
   3.9662e+00  -7.7099e+00   1.2765e+02            0            0
            0            0            0   1.2123e+02            0
            0            0            0            0   1.4346e+02
Iteration: 3
Fa
   -8.4251   -6.8636    5.7191         0         0
   -6.8636   -5.4128   -7.7099         0         0
    5.7191   -7.7099   -8.2414         0         0
         0         0         0  -14.6657         0
         0         0         0         0  -14.6657
Fb
   -8.4251   -6.8636    5.7191         0         0
   -6.8636   -5.4128   -7.7099         0         0
    5.7191   -7.7099   -8.2414         0         0
         0         0         0  -14.6657         0
         0         0         0         0    7.5716
after solving eigen equation: 3
Ca
            0            0  -3.8858e-15  -8.5645e-01  -5.1624e-01
            0            0   6.4014e-01  -3.9660e-01   6.5797e-01
            0            0   7.6825e-01   3.3047e-01  -5.4825e-01
   1.0000e+00            0            0            0            0
            0   1.0000e+00            0            0            0
Cb
            0  -3.8858e-15  -8.5645e-01  -5.1624e-01            0
            0   6.4014e-01  -3.9660e-01   6.5797e-01            0
            0   7.6825e-01   3.3047e-01  -5.4825e-01            0
   1.0000e+00            0            0            0            0
            0            0            0            0   1.0000e+00
 p =  4 q =  3
Pa_new
   0.7335   0.3397  -0.2830        0        0
   0.3397   0.5671   0.3607        0        0
  -0.2830   0.3607   0.6994        0        0
        0        0        0   1.0000        0
        0        0        0        0   1.0000
Pb_new
   0.7335   0.3397  -0.2830        0        0
   0.3397   0.5671   0.3607        0        0
  -0.2830   0.3607   0.6994        0        0
        0        0        0   1.0000        0
        0        0        0        0        0
P_t
   1.4670
   5.5330
Ga
   9.0631e+01  -4.6146e+00   3.8451e+00            0            0
  -4.6146e+00   1.3036e+02  -8.0217e+00            0            0
   3.8451e+00  -8.0217e+00   1.2742e+02            0            0
            0            0            0   1.2073e+02            0
            0            0            0            0   1.2073e+02
Gb
   9.0631e+01  -4.6146e+00   3.8451e+00            0            0
  -4.6146e+00   1.3036e+02  -8.0217e+00            0            0
   3.8451e+00  -8.0217e+00   1.2742e+02            0            0
            0            0            0   1.2073e+02            0
            0            0            0            0   1.4297e+02
Iteration: 4
Fa
   -8.5988   -6.7183    5.5980         0         0
   -6.7183   -5.5319   -8.0217         0         0
    5.5980   -8.0217   -8.4749         0         0
         0         0         0  -15.1589         0
         0         0         0         0  -15.1589
Fb
   -8.5988   -6.7183    5.5980         0         0
   -6.7183   -5.5319   -8.0217         0         0
    5.5980   -8.0217   -8.4749         0         0
         0         0         0  -15.1589         0
         0         0         0         0    7.0784
after solving eigen equation: 4
Ca
            0            0  -8.8818e-16  -8.6225e-01  -5.0648e-01
            0            0   6.4014e-01  -3.8911e-01   6.6243e-01
            0            0   7.6825e-01   3.2422e-01  -5.5196e-01
   1.0000e+00            0            0            0            0
            0   1.0000e+00            0            0            0
Cb
            0  -8.8818e-16  -8.6225e-01  -5.0648e-01            0
            0   6.4014e-01  -3.8911e-01   6.6243e-01            0
            0   7.6825e-01   3.2422e-01  -5.5196e-01            0
   1.0000e+00            0            0            0            0
            0            0            0            0   1.0000e+00
 p =  4 q =  3
Pa_new
   0.7435   0.3355  -0.2796        0        0
   0.3355   0.5612   0.3656        0        0
  -0.2796   0.3656   0.6953        0        0
        0        0        0   1.0000        0
        0        0        0        0   1.0000
Pb_new
   0.7435   0.3355  -0.2796        0        0
   0.3355   0.5612   0.3656        0        0
  -0.2796   0.3656   0.6953        0        0
        0        0        0   1.0000        0
        0        0        0        0        0
P_t
   1.4870
   5.5130
Ga
   9.0570e+01  -4.5581e+00   3.7980e+00            0            0
  -4.5581e+00   1.3032e+02  -8.1308e+00            0            0
   3.7980e+00  -8.1308e+00   1.2733e+02            0            0
            0            0            0   1.2056e+02            0
            0            0            0            0   1.2056e+02
Gb
   9.0570e+01  -4.5581e+00   3.7980e+00            0            0
  -4.5581e+00   1.3032e+02  -8.1308e+00            0            0
   3.7980e+00  -8.1308e+00   1.2733e+02            0            0
            0            0            0   1.2056e+02            0
            0            0            0            0   1.4280e+02
Iteration: 5
Fa
   -8.6596   -6.6618    5.5509         0         0
   -6.6618   -5.5736   -8.1308         0         0
    5.5509   -8.1308   -8.5566         0         0
         0         0         0  -15.3316         0
         0         0         0         0  -15.3316
Fb
   -8.6596   -6.6618    5.5509         0         0
   -6.6618   -5.5736   -8.1308         0         0
    5.5509   -8.1308   -8.5566         0         0
         0         0         0  -15.3316         0
         0         0         0         0    6.9058
after solving eigen equation: 5
Ca
  -1.4988e-15            0            0  -8.6437e-01  -5.0285e-01
   6.4014e-01            0            0  -3.8632e-01   6.6406e-01
   7.6825e-01            0            0   3.2190e-01  -5.5332e-01
            0   1.0000e+00            0            0            0
            0            0   1.0000e+00            0            0
Cb
  -1.4988e-15            0  -8.6437e-01  -5.0285e-01            0
   6.4014e-01            0  -3.8632e-01   6.6406e-01            0
   7.6825e-01            0   3.2190e-01  -5.5332e-01            0
            0   1.0000e+00            0            0            0
            0            0            0            0   1.0000e+00
 p =  4 q =  3
Pa_new
   0.7471   0.3339  -0.2782        0        0
   0.3339   0.5590   0.3674        0        0
  -0.2782   0.3674   0.6938        0        0
        0        0        0   1.0000        0
        0        0        0        0   1.0000
Pb_new
   0.7471   0.3339  -0.2782        0        0
   0.3339   0.5590   0.3674        0        0
  -0.2782   0.3674   0.6938        0        0
        0        0        0   1.0000        0
        0        0        0        0        0
P_t
   1.4943
   5.5057
Ga
   9.0548e+01  -4.5366e+00   3.7801e+00            0            0
  -4.5366e+00   1.3030e+02  -8.1709e+00            0            0
   3.7801e+00  -8.1709e+00   1.2730e+02            0            0
            0            0            0   1.2050e+02            0
            0            0            0            0   1.2050e+02
Gb
   9.0548e+01  -4.5366e+00   3.7801e+00            0            0
  -4.5366e+00   1.3030e+02  -8.1709e+00            0            0
   3.7801e+00  -8.1709e+00   1.2730e+02            0            0
            0            0            0   1.2050e+02            0
            0            0            0            0   1.4273e+02
Iteration: 6
Fa
   -8.6819   -6.6403    5.5330         0         0
   -6.6403   -5.5889   -8.1709         0         0
    5.5330   -8.1709   -8.5866         0         0
         0         0         0  -15.3950         0
         0         0         0         0  -15.3950
Fb
   -8.6819   -6.6403    5.5330         0         0
   -6.6403   -5.5889   -8.1709         0         0
    5.5330   -8.1709   -8.5866         0         0
         0         0         0  -15.3950         0
         0         0         0         0    6.8424
after solving eigen equation: 6
Ca
            0            0  -1.2768e-15  -8.6516e-01  -5.0149e-01
            0            0   6.4014e-01  -3.8527e-01   6.6467e-01
            0            0   7.6825e-01   3.2103e-01  -5.5383e-01
   1.0000e+00            0            0            0            0
            0   1.0000e+00            0            0            0
Cb
            0  -1.2768e-15  -8.6516e-01  -5.0149e-01            0
            0   6.4014e-01  -3.8527e-01   6.6467e-01            0
            0   7.6825e-01   3.2103e-01  -5.5383e-01            0
   1.0000e+00            0            0            0            0
            0            0            0            0   1.0000e+00
 p =  4 q =  3
Pa_new
   0.7485   0.3333  -0.2777        0        0
   0.3333   0.5582   0.3681        0        0
  -0.2777   0.3681   0.6933        0        0
        0        0        0   1.0000        0
        0        0        0        0   1.0000
Pb_new
   0.7485   0.3333  -0.2777        0        0
   0.3333   0.5582   0.3681        0        0
  -0.2777   0.3681   0.6933        0        0
        0        0        0   1.0000        0
        0        0        0        0        0
P_t
   1.4970
   5.5030
Ga
   9.0539e+01  -4.5284e+00   3.7733e+00            0            0
  -4.5284e+00   1.3030e+02  -8.1858e+00            0            0
   3.7733e+00  -8.1858e+00   1.2729e+02            0            0
            0            0            0   1.2047e+02            0
            0            0            0            0   1.2047e+02
Gb
   9.0539e+01  -4.5284e+00   3.7733e+00            0            0
  -4.5284e+00   1.3030e+02  -8.1858e+00            0            0
   3.7733e+00  -8.1858e+00   1.2729e+02            0            0
            0            0            0   1.2047e+02            0
            0            0            0            0   1.4271e+02
Iteration: 7
Fa
   -8.6903   -6.6321    5.5262         0         0
   -6.6321   -5.5946   -8.1858         0         0
    5.5262   -8.1858   -8.5979         0         0
         0         0         0  -15.4186         0
         0         0         0         0  -15.4186
Fb
   -8.6903   -6.6321    5.5262         0         0
   -6.6321   -5.5946   -8.1858         0         0
    5.5262   -8.1858   -8.5979         0         0
         0         0         0  -15.4186         0
         0         0         0         0    6.8187
after solving eigen equation: 7
Ca
   7.7716e-16            0            0  -8.6546e-01  -5.0097e-01
   6.4014e-01            0            0  -3.8488e-01   6.6490e-01
   7.6825e-01            0            0   3.2070e-01  -5.5402e-01
            0   1.0000e+00            0            0            0
            0            0   1.0000e+00            0            0
Cb
   7.7716e-16            0  -8.6546e-01  -5.0097e-01            0
   6.4014e-01            0  -3.8488e-01   6.6490e-01            0
   7.6825e-01            0   3.2070e-01  -5.5402e-01            0
            0   1.0000e+00            0            0            0
            0            0            0            0   1.0000e+00
 p =  4 q =  3
Pa_new
   0.7490   0.3331  -0.2776        0        0
   0.3331   0.5579   0.3684        0        0
  -0.2776   0.3684   0.6931        0        0
        0        0        0   1.0000        0
        0        0        0        0   1.0000
Pb_new
   0.7490   0.3331  -0.2776        0        0
   0.3331   0.5579   0.3684        0        0
  -0.2776   0.3684   0.6931        0        0
        0        0        0   1.0000        0
        0        0        0        0        0
P_t
   1.4980
   5.5020
Ga
   9.0536e+01  -4.5254e+00   3.7707e+00            0            0
  -4.5254e+00   1.3029e+02  -8.1915e+00            0            0
   3.7707e+00  -8.1915e+00   1.2729e+02            0            0
            0            0            0   1.2046e+02            0
            0            0            0            0   1.2046e+02
Gb
   9.0536e+01  -4.5254e+00   3.7707e+00            0            0
  -4.5254e+00   1.3029e+02  -8.1915e+00            0            0
   3.7707e+00  -8.1915e+00   1.2729e+02            0            0
            0            0            0   1.2046e+02            0
            0            0            0            0   1.4270e+02
Iteration: 8
Fa
   -8.6934   -6.6291    5.5236         0         0
   -6.6291   -5.5968   -8.1915         0         0
    5.5236   -8.1915   -8.6021         0         0
         0         0         0  -15.4276         0
         0         0         0         0  -15.4276
Fb
   -8.6934   -6.6291    5.5236         0         0
   -6.6291   -5.5968   -8.1915         0         0
    5.5236   -8.1915   -8.6021         0         0
         0         0         0  -15.4276         0
         0         0         0         0    6.8098
after solving eigen equation: 8
Ca
   2.1649e-15            0            0  -8.6557e-01  -5.0078e-01
   6.4014e-01            0            0  -3.8473e-01   6.6498e-01
   7.6825e-01            0            0   3.2057e-01  -5.5409e-01
            0   1.0000e+00            0            0            0
            0            0   1.0000e+00            0            0
Cb
   2.1649e-15            0  -8.6557e-01  -5.0078e-01            0
   6.4014e-01            0  -3.8473e-01   6.6498e-01            0
   7.6825e-01            0   3.2057e-01  -5.5409e-01            0
            0   1.0000e+00            0            0            0
            0            0            0            0   1.0000e+00
 p =  4 q =  3
Pa_new
   0.7492   0.3330  -0.2775        0        0
   0.3330   0.5578   0.3685        0        0
  -0.2775   0.3685   0.6930        0        0
        0        0        0   1.0000        0
        0        0        0        0   1.0000
Pb_new
   0.7492   0.3330  -0.2775        0        0
   0.3330   0.5578   0.3685        0        0
  -0.2775   0.3685   0.6930        0        0
        0        0        0   1.0000        0
        0        0        0        0        0
P_t
   1.4984
   5.5016
Ga
   9.0535e+01  -4.5242e+00   3.7698e+00            0            0
  -4.5242e+00   1.3029e+02  -8.1936e+00            0            0
   3.7698e+00  -8.1936e+00   1.2729e+02            0            0
            0            0            0   1.2046e+02            0
            0            0            0            0   1.2046e+02
Gb
   9.0535e+01  -4.5242e+00   3.7698e+00            0            0
  -4.5242e+00   1.3029e+02  -8.1936e+00            0            0
   3.7698e+00  -8.1936e+00   1.2729e+02            0            0
            0            0            0   1.2046e+02            0
            0            0            0            0   1.4270e+02
Iteration: 9
Fa
   -8.6946   -6.6279    5.5227         0         0
   -6.6279   -5.5976   -8.1936         0         0
    5.5227   -8.1936   -8.6037         0         0
         0         0         0  -15.4309         0
         0         0         0         0  -15.4309
Fb
   -8.6946   -6.6279    5.5227         0         0
   -6.6279   -5.5976   -8.1936         0         0
    5.5227   -8.1936   -8.6037         0         0
         0         0         0  -15.4309         0
         0         0         0         0    6.8064
after solving eigen equation: 9
Ca
            0            0  -8.8818e-16  -8.6562e-01  -5.0071e-01
            0            0   6.4014e-01  -3.8467e-01   6.6501e-01
            0            0   7.6825e-01   3.2053e-01  -5.5412e-01
   1.0000e+00            0            0            0            0
            0   1.0000e+00            0            0            0
Cb
            0  -8.8818e-16  -8.6562e-01  -5.0071e-01            0
            0   6.4014e-01  -3.8467e-01   6.6501e-01            0
            0   7.6825e-01   3.2053e-01  -5.5412e-01            0
   1.0000e+00            0            0            0            0
            0            0            0            0   1.0000e+00
 p =  4 q =  3
Pa_new
   0.7493   0.3330  -0.2775        0        0
   0.3330   0.5578   0.3685        0        0
  -0.2775   0.3685   0.6930        0        0
        0        0        0   1.0000        0
        0        0        0        0   1.0000
Pb_new
   0.7493   0.3330  -0.2775        0        0
   0.3330   0.5578   0.3685        0        0
  -0.2775   0.3685   0.6930        0        0
        0        0        0   1.0000        0
        0        0        0        0        0
P_t
   1.4986
   5.5014
Ga
   9.0535e+01  -4.5237e+00   3.7694e+00            0            0
  -4.5237e+00   1.3029e+02  -8.1944e+00            0            0
   3.7694e+00  -8.1944e+00   1.2729e+02            0            0
            0            0            0   1.2046e+02            0
            0            0            0            0   1.2046e+02
Gb
   9.0535e+01  -4.5237e+00   3.7694e+00            0            0
  -4.5237e+00   1.3029e+02  -8.1944e+00            0            0
   3.7694e+00  -8.1944e+00   1.2729e+02            0            0
            0            0            0   1.2046e+02            0
            0            0            0            0   1.4270e+02
Iteration: 10
Fa
   -8.6950   -6.6274    5.5223         0         0
   -6.6274   -5.5979   -8.1944         0         0
    5.5223   -8.1944   -8.6043         0         0
         0         0         0  -15.4322         0
         0         0         0         0  -15.4322
Fb
   -8.6950   -6.6274    5.5223         0         0
   -6.6274   -5.5979   -8.1944         0         0
    5.5223   -8.1944   -8.6043         0         0
         0         0         0  -15.4322         0
         0         0         0         0    6.8051
after solving eigen equation: 10
Ca
  -1.2212e-15            0            0  -8.6563e-01  -5.0068e-01
   6.4014e-01            0            0  -3.8465e-01   6.6503e-01
   7.6825e-01            0            0   3.2051e-01  -5.5413e-01
            0   1.0000e+00            0            0            0
            0            0   1.0000e+00            0            0
Cb
  -1.2212e-15            0  -8.6563e-01  -5.0068e-01            0
   6.4014e-01            0  -3.8465e-01   6.6503e-01            0
   7.6825e-01            0   3.2051e-01  -5.5413e-01            0
            0   1.0000e+00            0            0            0
            0            0            0            0   1.0000e+00
 p =  4 q =  3
Pa_new
   0.7493   0.3330  -0.2774        0        0
   0.3330   0.5577   0.3685        0        0
  -0.2774   0.3685   0.6929        0        0
        0        0        0   1.0000        0
        0        0        0        0   1.0000
Pb_new
   0.7493   0.3330  -0.2774        0        0
   0.3330   0.5577   0.3685        0        0
  -0.2774   0.3685   0.6929        0        0
        0        0        0   1.0000        0
        0        0        0        0        0
P_t
   1.4986
   5.5014
Ga
   9.0534e+01  -4.5236e+00   3.7693e+00            0            0
  -4.5236e+00   1.3029e+02  -8.1947e+00            0            0
   3.7693e+00  -8.1947e+00   1.2729e+02            0            0
            0            0            0   1.2046e+02            0
            0            0            0            0   1.2046e+02
Gb
   9.0534e+01  -4.5236e+00   3.7693e+00            0            0
  -4.5236e+00   1.3029e+02  -8.1947e+00            0            0
   3.7693e+00  -8.1947e+00   1.2729e+02            0            0
            0            0            0   1.2046e+02            0
            0            0            0            0   1.4270e+02
Iteration: 11
Fa
   -8.6952   -6.6273    5.5221         0         0
   -6.6273   -5.5980   -8.1947         0         0
    5.5221   -8.1947   -8.6045         0         0
         0         0         0  -15.4327         0
         0         0         0         0  -15.4327
Fb
   -8.6952   -6.6273    5.5221         0         0
   -6.6273   -5.5980   -8.1947         0         0
    5.5221   -8.1947   -8.6045         0         0
         0         0         0  -15.4327         0
         0         0         0         0    6.8046
after solving eigen equation: 11
Ca
   2.3315e-15            0            0  -8.6564e-01  -5.0067e-01
   6.4014e-01            0            0  -3.8464e-01   6.6503e-01
   7.6825e-01            0            0   3.2050e-01  -5.5413e-01
            0   1.0000e+00            0            0            0
            0            0   1.0000e+00            0            0
Cb
   2.3315e-15            0  -8.6564e-01  -5.0067e-01            0
   6.4014e-01            0  -3.8464e-01   6.6503e-01            0
   7.6825e-01            0   3.2050e-01  -5.5413e-01            0
            0   1.0000e+00            0            0            0
            0            0            0            0   1.0000e+00
 p =  4 q =  3
Pa_new
   0.7493   0.3330  -0.2774        0        0
   0.3330   0.5577   0.3685        0        0
  -0.2774   0.3685   0.6929        0        0
        0        0        0   1.0000        0
        0        0        0        0   1.0000
Pb_new
   0.7493   0.3330  -0.2774        0        0
   0.3330   0.5577   0.3685        0        0
  -0.2774   0.3685   0.6929        0        0
        0        0        0   1.0000        0
        0        0        0        0        0
P_t
   1.4987
   5.5013
Ga
   9.0534e+01  -4.5235e+00   3.7692e+00            0            0
  -4.5235e+00   1.3029e+02  -8.1948e+00            0            0
   3.7692e+00  -8.1948e+00   1.2729e+02            0            0
            0            0            0   1.2046e+02            0
            0            0            0            0   1.2046e+02
Gb
   9.0534e+01  -4.5235e+00   3.7692e+00            0            0
  -4.5235e+00   1.3029e+02  -8.1948e+00            0            0
   3.7692e+00  -8.1948e+00   1.2729e+02            0            0
            0            0            0   1.2046e+02            0
            0            0            0            0   1.4270e+02
Iteration: 12
Fa
   -8.6953   -6.6272    5.5221         0         0
   -6.6272   -5.5980   -8.1948         0         0
    5.5221   -8.1948   -8.6046         0         0
         0         0         0  -15.4329         0
         0         0         0         0  -15.4329
Fb
   -8.6953   -6.6272    5.5221         0         0
   -6.6272   -5.5980   -8.1948         0         0
    5.5221   -8.1948   -8.6046         0         0
         0         0         0  -15.4329         0
         0         0         0         0    6.8045
after solving eigen equation: 12
Ca
            0            0   1.4433e-15  -8.6564e-01  -5.0067e-01
            0            0   6.4014e-01  -3.8464e-01   6.6503e-01
            0            0   7.6825e-01   3.2050e-01  -5.5413e-01
   1.0000e+00            0            0            0            0
            0   1.0000e+00            0            0            0
Cb
            0   1.4433e-15  -8.6564e-01  -5.0067e-01            0
            0   6.4014e-01  -3.8464e-01   6.6503e-01            0
            0   7.6825e-01   3.2050e-01  -5.5413e-01            0
   1.0000e+00            0            0            0            0
            0            0            0            0   1.0000e+00
 p =  4 q =  3
Ea
  -15.4329
  -15.4329
  -15.4329
  -13.6845
    6.2195
Eb
  -15.4329
  -15.4329
  -13.6845
    6.2195
    6.8045
Ca
            0            0   1.4433e-15  -8.6564e-01  -5.0067e-01
            0            0   6.4014e-01  -3.8464e-01   6.6503e-01
            0            0   7.6825e-01   3.2050e-01  -5.5413e-01
   1.0000e+00            0            0            0            0
            0   1.0000e+00            0            0            0
Cb
            0   1.4433e-15  -8.6564e-01  -5.0067e-01            0
            0   6.4014e-01  -3.8464e-01   6.6503e-01            0
            0   7.6825e-01   3.2050e-01  -5.5413e-01            0
   1.0000e+00            0            0            0            0
            0            0            0            0   1.0000e+00
Nuclear Repulsion Energy is 89.2177 eV.
Electron Energy is -502.787 eV.
The molecule in file ../sample_input/HO.txt has energy -413.569406
